                                                                                                                       +------+------+------+------+------+------+------+------+------+------+------+------+------+------+------+------+                                                                                                                                                
                                                                                                                       |  -   |  A   |  T   |  G   |  T   |  A   |  C   |  C   |  G   |  C   |  A   |  T   |  T   |  C   |  G   |  C   |                                                                                                                                                
+------+                                                                                                        +------@@@@@@@@@@@@@@@@@@@@@@@@@@@@@@@@@@@@@@@@@@@@@@@@@@@@@@@@@@@@@@@@@@@@@@@@@@@@@@@@@@@@@@@@@@@@@@@@@@@@@@@@@@@@@@@@@------+------+------+------+------+------+------+------+------+------+------+------+------+------+------+                                       
|  -   |                                                                                                        |-16384@  0   |-16385|-16385|-16385|-16385|-16383|-16385|-16385|-16385|-16385|-16383|-16385|-16385|-16385|-16383|-16385@-16383|-16385|-16385|-16385|-16383|-16385|-16385|-16385|-16385|-16383|-16385|-16385|-16385|-16385|-16385|                                       
+------+                                                                                                 +------+------@------+------+------+------+------+------+------+------+------+------+------+------+------+------+------+------@------+------+------+------+------+------+------+------+------+------+------+------+------+------+------+                                       
|  C   |                                                                                                 |-16384|-16384@-16385|-16385|-16385|-16385|-16385|-16385|-16385|-16385|-16385|-16385|-16385|-16385|-16385|-16385|-16385|-16385@-16385|-16385|-16385|-16385|-16385|-16385|-16385|-16385|-16385|-16385|-16385|-16385|-16385|-16385|                                              
+------+                                                                                          +------+------+------@------+------+------+------+------+------+------+------+------+------+------+------+------+------+------+------@------+------+------+------+------+------+------+------+------+------+------+------+------+------+                                              
|  T   |                                                                                          |-16384|-16384|-16385@-16385|-16385|-16385|-16385|-16385|-16385|-16385|-16385|-16385|-16385|-16385|-16385|-16385|-16385|-16385|-16385@-16385|-16385|-16385|-16385|-16385|-16385|-16385|-16385|-16385|-16385|-16385|-16385|-16385|                                                     
+------+                                                                                   +------+------+------+------@------+------+------+------+------+------+------+------+------+------+------+------+------+------+------+------@------+------+------+------+------+------+------+------+------+------+------+------+------+                                                     
|  G   |                                                                                   |-16384|-16384|-16385|-16385@-16385|-16385|-16385|-16385|-16385|-16385|-16385|-16385|-16385|-16385|-16385|-16385|-16385|-16385|-16385|-16385@-16385|-16385|-16385|-16385|-16385|-16385|-16385|-16385|-16385|-16385|-16385|-16385|                                                            
+------+                                                                            +------+------+------+------+------@------+------+------+------+------+------+------+------+------+------+------+------+------+------+------+------@------+------+------+------+------+------+------+------+------+------+------+------+                                                            
|  C   |                                                                            |-16384|-16384|-16385|-16385|-16385@-16385|-16385|-16385|-16385|-16385|-16385|-16385|-16385|-16385|-16385|-16385|-16385|-16385|-16385|-16385|-16385@-16385|-16385|-16385|-16385|-16385|-16385|-16385|-16385|-16385|-16385|-16385|                                                                   
+------+                                                                     +------+------+------+------+------+------@------+------+------+------+------+------+------+------+------+------+------+------+------+------+------+------@------+------+------+------+------+------+------+------+------+------+------+                                                                   
|  G   |                                                                     |-16384|-16384|-16385|-16385|-16385|-16385@-16385|-16385|-16385|-16385|-16385|-16385|-16385|-16385|-16385|-16385|-16385|-16385|-16385|-16385|-16385|-16385@-16385|-16385|-16385|-16385|-16385|-16385|-16385|-16385|-16385|-16385|                                                                          
+------+                                                              +------+------+------+------+------+------+------@------+------+------+------+------+------+------+------+------+------+------+------+------+------+------+------@------+------+------+------+------+------+------+------+------+------+                                                                          
|  C   |                                                              |-16384|-16384|-16385|-16385|-16385|-16385|-16385@-16385|-16385|-16385|-16385|-16385|-16385|-16385|-16385|-16385|-16385|-16385|-16385|-16385|-16385|-16385|-16385@-16385|-16385|-16385|-16385|-16385|-16385|-16385|-16385|-16385|                                                                                 
+------+                                                       +------+------+------+------+------+------+------+------@------+------+------+------+------+------+------+------+------+------+------+------+------+------+------+------@------+------+------+------+------+------+------+------+------+                                                                                 
|  A   |                                                       |-16384|-16384|-16385|-16385|-16385|-16385|-16385|-16385@-16385|-16385|-16385|-16385|-16385|-16385|-16385|-16385|-16385|-16385|-16385|-16385|-16385|-16385|-16385|-16385@-16385|-16385|-16385|-16385|-16385|-16385|-16385|-16385|                                                                                        
+------+                                                +------+------+------+------+------+------+------+------+------@------+------+------+------+------+------+------+------+------+------+------+------+------+------+------+------@------+------+------+------+------+------+------+------+                                                                                        
|  A   |                                                |-16384|-16384|-16385|-16385|-16385|-16385|-16385|-16385|-16385@-16385|-16385|-16385|-16385|-16385|-16385|-16385|-16385|-16385|-16385|-16385|-16385|-16385|-16385|-16385|-16385@-16385|-16385|-16385|-16385|-16385|-16385|-16385|                                                                                               
+------+                                         +------+------+------+------+------+------+------+------+------+------@------+------+------+------+------+------+------+------+------+------+------+------+------+------+------+------@------+------+------+------+------+------+------+                                                                                               
|  C   |                                         |-16384|-16384|-16385|-16385|-16385|-16385|-16385|-16385|-16385|-16385@-16385|-16385|-16385|-16385|-16385|-16385|-16385|-16385|-16385|-16385|-16385|-16385|-16385|-16385|-16385|-16385@-16385|-16385|-16385|-16385|-16385|-16385|                                                                                                      
+------+                                  +------+------+------+------+------+------+------+------+------+------+------@------+------+------+------+------+------+------+------+------+------+------+------+------+------+------+------@------+------+------+------+------+------+                                                                                                      
|  G   |                                  |-16384|-16384|-16385|-16385|-16385|-16385|-16385|-16385|-16385|-16385|-16385@-16385|-16385|-16385|-16385|-16385|-16385|-16385|-16385|-16385|-16385|-16385|-16385|-16385|-16385|-16385|-16385@-16385|-16385|-16385|-16385|-16385|                                                                                                             
+------+                           +------+------+------+------+------+------+------+------+------+------+------+------@------+------+------+------+------+------+------+------+------+------+------+------+------+------+------+------@------+------+------+------+------+                                                                                                             
|  C   |                           |-16384|-16384|-16385|-16385|-16385|-16385|-16385|-16385|-16385|-16385|-16385|-16385@-16385|-16385|-16385|-16385|-16385|-16385|-16385|-16385|-16385|-16385|-16385|-16385|-16385|-16385|-16385|-16385@-16385|-16385|-16385|-16385|                                                                                                                    
+------+                    +------+------+------+------+------+------+------+------+------+------+------+------+------@------+------+------+------+------+------+------+------+------+------+------+------+------+------+------+------@------+------+------+------+                                                                                                                    
|  A   |                    |-16384|-16384|-16385|-16385|-16385|-16385|-16385|-16385|-16385|-16385|-16385|-16385|-16385@-16385|-16385|-16385|-16385|-16385|-16385|-16385|-16385|-16385|-16385|-16385|-16385|-16385|-16385|-16385|-16385@-16385|-16385|-16385|                                                                                                                           
+------+             +------+------+------+------+------+------+------+------+------+------+------+------+------+------@------+------+------+------+------+------+------+------+------+------+------+------+------+------+------+------@------+------+------+                                                                                                                           
|  G   |             |-16384|-16384|-16385|-16385|-16385|-16385|-16385|-16385|-16385|-16385|-16385|-16385|-16385|-16385@-16385|-16385|-16385|-16385|-16385|-16385|-16385|-16385|-16385|-16385|-16385|-16385|-16385|-16385|-16385|-16385@-16385|-16385|                                                                                                                                  
+------+      +------+------+------+------+------+------+------+------+------+------+------+------+------+------+------@------+------+------+------+------+------+------+------+------+------+------+------+------+------+------+------@------+------+                                                                                                                                  
|  C   |      |-16384|-16384|-16385|-16385|-16385|-16385|-16385|-16385|-16385|-16385|-16385|-16385|-16385|-16385|-16385@-16385|-16385|-16385|-16385|-16385|-16385|-16385|-16385|-16385|-16385|-16385|-16385|-16385|-16385|-16385|-16385@-16385|                                                                                                                                         
+------+------+------+------+------+------+------+------+------+------+------+------+------+------+------+------+------@------+------+------+------+------+------+------+------+------+------+------+------+------+------+------+------@------+                                                                                                                                         
|  G   |-16384|-16384|-16385|-16385|-16385|-16385|-16385|-16385|-16385|-16385|-16385|-16385|-16385|-16385|-16385|-16385@-16383|-16385|-16385|-16385|-16385|-16385|-16385|-16385|-16383|-16385|-16385|-16385|-16385|-16385|-16385|-16385@                                                                                                                                                
+------+------+------+------+------+------+------+------+------+------+------+------+------+------+------+------+------@@@@@@@@@@@@@@@@@@@@@@@@@@@@@@@@@@@@@@@@@@@@@@@@@@@@@@@@@@@@@@@@@@@@@@@@@@@@@@@@@@@@@@@@@@@@@@@@@@@@@@@@@@@@@@@@@                                                                                                                                                
                                                                                                                                                                                                                                                                                                                                                                                        
                                                                                                                                                                                                                                                                                                                                                                                        
                                                                                                                                                                                                                                                                                                                                                                                        
                                                                                                                                                                                                                                                                                                                                                                                        
                                                                                                                                                                                                                                                                                                                                                                                        
                                                                                                                                                                                                                                                                                                                                                                                        
                                                                                                                                                                                                                                                                                                                                                                                        
                                                                                                                                                                                                                                                                                                                                                                                        
                                                                                                                                                                                                                                                                                                                                                                                        
                                                                                                                                                                                                                                                                                                                                                                                        
                                                                                                                                                                                                                                                                                                                                                                                        
                                                                                                                                                                                                                                                                                                                                                                                        
                                                                                                                                                                                                                                                                                                                                                                                        
