                                                               +------+------+------+------+------+------+------+------+------+------+------+------+------+------+------+------+                                                                        
                                                               |  -   |  A   |  G   |  T   |  A   |  A   |  C   |  A   |  G   |  C   |  C   |  C   |  T   |  C   |  G   |  G   |                                                                        
+------+                                                +------@@@@@@@@@@@@@@@@@@@@@@@@@@@@@@@@@@@@@@@@@@@@@@@@@@@@@@@@@@@@@@@@@@@@@@@@@@@@@@@@@@@@@@@@@@@@@@@@@@@@@@@@@@@@@@@@@------+------+------+------+------+------+------+                       
|  -   |                                                |-16384@  0   |  -1  |  -2  |  -3  |  -4  |  -5  |  -6  |  -7  |  -8  |  -9  | -10  | -11  | -12  | -13  | -14  | -15  @ -16  | -17  | -18  | -19  | -20  | -21  | -22  |                       
+------+                                         +------+------@------+------+------+------+------+------+------+------+------+------+------+------+------+------+------+------@------+------+------+------+------+------+------+                       
|  A   |                                         |-16384|-16384@  -1  |  1   |  0   |  -1  |  -2  |  -3  |  -4  |  -5  |  -6  |  -7  |  -8  |  -9  | -10  | -11  | -12  | -13  @ -14  | -15  | -16  | -17  | -18  | -19  |                              
+------+                                  +------+------+------@------+------+------+------+------+------+------+------+------+------+------+------+------+------+------+------@------+------+------+------+------+------+                              
|  T   |                                  |-16384|-16384|-16385@  -2  |  0   |  0   |  1   |  0   |  -1  |  -2  |  -3  |  -4  |  -5  |  -6  |  -7  |  -8  |  -9  | -10  | -11  @ -12  | -13  | -14  | -15  | -16  |                                     
+------+                           +------+------+------+------@------+------+------+------+------+------+------+------+------+------+------+------+------+------+------+------@------+------+------+------+------+                                     
|  A   |                           |-16384|-16384|-16385|-16385@  -3  |  -1  |  -1  |  0   |  2   |  1   |  0   |  -1  |  -2  |  -3  |  -4  |  -5  |  -6  |  -7  |  -8  |  -9  @ -10  | -11  | -12  | -13  |                                            
+------+                    +------+------+------+------+------@------+------+------+------+------+------+------+------+------+------+------+------+------+------+------+------@------+------+------+------+                                            
|  C   |                    |-16384|-16384|-16385|-16385|-16386@  -4  |  -2  |  -2  |  -1  |  1   |  1   |  2   |  1   |  0   |  -1  |  -2  |  -3  |  -4  |  -5  |  -6  |  -7  @  -8  |  -9  | -10  |                                                   
+------+             +------+------+------+------+------+------@------+------+------+------+------+------+------+------+------+------+------+------+------+------+------+------@------+------+------+                                                   
|  A   |             |-16384|-16384|-16385|-16385|-16386|-16386@  -5  |  -3  |  -3  |  -2  |  0   |  2   |  1   |  3   |  2   |  1   |  0   |  -1  |  -2  |  -3  |  -4  |  -5  @  -6  |  -7  |                                                          
+------+      +------+------+------+------+------+------+------@------+------+------+------+------+------+------+------+------+------+------+------+------+------+------+------@------+------+                                                          
|  G   |      |-16384|-16384|-16385|-16385|-16386|-16386|-16387@  -6  |  -4  |  -2  |  -3  |  -1  |  1   |  1   |  2   |  4   |  3   |  2   |  1   |  0   |  -1  |  -2  |  -3  @  -4  |                                                                 
+------+------+------+------+------+------+------+------+------@------+------+------+------+------+------+------+------+------+------+------+------+------+------+------+------@------+                                                                 
|  C   |-16384|-16384|-16385|-16385|-16386|-16386|-16387|-16387@  -7  |  -5  |  -3  |  -3  |  -2  |  0   |  2   |  1   |  3   |  5   |  4   |  3   |  2   |  1   |  0   |  -1  @                                                                        
+------+------+------+------+------+------+------+------+------@------+------+------+------+------+------+------+------+------+------+------+------+------+------+------+------@------+------+------+------+------+------+------+                       
|  T   |                                                |-16384@  -8  |  -6  |  -4  |  -2  |  -3  |  -1  |  1   |  1   |  2   |  4   |  4   |  3   |  4   |  3   |  2   |  1   @  0   |  -1  |  -2  |  -3  |  -4  |  -5  |  -6  |                       
+------+                                         +------+------@------+------+------+------+------+------+------+------+------+------+------+------+------+------+------+------@------+------+------+------+------+------+------+                       
|  C   |                                         |-16384|-16384@  -9  |  -7  |  -5  |  -3  |  -3  |  -2  |  0   |  0   |  1   |  3   |  5   |  5   |  4   |  5   |  4   |  3   @  2   |  1   |  0   |  -1  |  -2  |  -3  |                              
+------+                                  +------+------+------@------+------+------+------+------+------+------+------+------+------+------+------+------+------+------+------@------+------+------+------+------+------+                              
|  T   |                                  |-16384|-16384|-16385@ -10  |  -8  |  -6  |  -4  |  -4  |  -3  |  -1  |  -1  |  0   |  2   |  4   |  4   |  6   |  5   |  4   |  3   @  2   |  1   |  0   |  -1  |  -2  |                                     
+------+                           +------+------+------+------@------+------+------+------+------+------+------+------+------+------+------+------+------+------+------+------@------+------+------+------+------+                                     
|  C   |                           |-16384|-16384|-16385|-16385@ -11  |  -9  |  -7  |  -5  |  -5  |  -4  |  -2  |  -2  |  -1  |  1   |  3   |  5   |  5   |  7   |  6   |  5   @  4   |  3   |  2   |  1   |                                            
+------+                    +------+------+------+------+------@------+------+------+------+------+------+------+------+------+------+------+------+------+------+------+------@------+------+------+------+                                            
|  G   |                    |-16384|-16384|-16385|-16385|-16386@ -12  | -10  |  -8  |  -6  |  -6  |  -5  |  -3  |  -3  |  -1  |  0   |  2   |  4   |  4   |  6   |  8   |  7   @  6   |  5   |  4   |                                                   
+------+             +------+------+------+------+------+------@------+------+------+------+------+------+------+------+------+------+------+------+------+------+------+------@------+------+------+                                                   
|  A   |             |-16384|-16384|-16385|-16385|-16386|-16386@ -13  | -11  |  -9  |  -7  |  -5  |  -5  |  -4  |  -2  |  -2  |  -1  |  1   |  3   |  3   |  5   |  7   |  7   @  6   |  5   |                                                          
+------+      +------+------+------+------+------+------+------@------+------+------+------+------+------+------+------+------+------+------+------+------+------+------+------@------+------+                                                          
|  G   |      |-16384|-16384|-16385|-16385|-16386|-16386|-16387@ -14  | -12  | -10  |  -8  |  -6  |  -6  |  -5  |  -3  |  -1  |  -2  |  0   |  2   |  2   |  4   |  6   |  8   @  7   |                                                                 
+------+------+------+------+------+------+------+------+------@------+------+------+------+------+------+------+------+------+------+------+------+------+------+------+------@------+                                                                 
|  A   |-16384|-16384|-16385|-16385|-16386|-16386|-16387|-16387@ -15  | -13  | -11  |  -9  |  -7  |  -5  |  -6  |  -4  |  -2  |  -2  |  -1  |  1   |  1   |  3   |  5   |  7   @                                                                        
+------+------+------+------+------+------+------+------+------@@@@@@@@@@@@@@@@@@@@@@@@@@@@@@@@@@@@@@@@@@@@@@@@@@@@@@@@@@@@@@@@@@@@@@@@@@@@@@@@@@@@@@@@@@@@@@@@@@@@@@@@@@@@@@@@@                                                                        
                                                                                                                                                                                                                                                        
                                                                                                                                                                                                                                                        
                                                                                                                                                                                                                                                        
                                                                                                                                                                                                                                                        
                                                                                                                                                                                                                                                        
                                                                                                                                                                                                                                                        
                                                                                                                                                                                                                                                        
                                                                                                                                                                                                                                                        
                                                                                                                                                                                                                                                        
                                                                                                                                                                                                                                                        
                                                                                                                                                                                                                                                        
                                                                                                                                                                                                                                                        
                                                                                                                                                                                                                                                        
