                                                               +------+------+------+------+------+------+------+------+------+------+------+                                                                   
                                                               |  -   |  G   |  T   |  C   |  G   |  C   |  C   |  T   |  A   |  T   |  T   |                                                                   
+------+                                                +------@@@@@@@@@@@@@@@@@@@@@@@@@@@@@@@@@@@@@@@@@@@@@@@@@@@@@@@@@@@@@@@@@@@@@@@@@@@@@@------+------+------+------+------+------+------+                  
|  -   |                                                |-16384@  0   |  -1  |  -2  |  -3  |  -4  |  -5  |  -6  |  -7  |  -8  |  -9  | -10  @ -11  | -12  | -13  | -14  | -15  | -16  | -17  |                  
+------+                                         +------+------@------+------+------+------+------+------+------+------+------+------+------@------+------+------+------+------+------+------+                  
|  A   |                                         |-16384|-16384@  -1  |  -1  |  -2  |  -3  |  -4  |  -5  |  -6  |  -7  |  -6  |  -7  |  -8  @  -9  | -10  | -11  | -12  | -13  | -14  |                         
+------+                                  +------+------+------@------+------+------+------+------+------+------+------+------+------+------@------+------+------+------+------+------+                         
|  G   |                                  |-16384|-16384|-16385@  -2  |  0   |  -1  |  -2  |  -2  |  -3  |  -4  |  -5  |  -6  |  -7  |  -8  @  -9  |  -8  |  -9  | -10  | -11  |                                
+------+                           +------+------+------+------@------+------+------+------+------+------+------+------+------+------+------@------+------+------+------+------+                                
|  G   |                           |-16384|-16384|-16385|-16385@  -3  |  -1  |  -1  |  -2  |  -1  |  -2  |  -3  |  -4  |  -5  |  -6  |  -7  @  -8  |  -8  |  -9  | -10  |                                       
+------+                    +------+------+------+------+------@------+------+------+------+------+------+------+------+------+------+------@------+------+------+------+                                       
|  G   |                    |-16384|-16384|-16385|-16385|-16386@  -4  |  -2  |  -2  |  -2  |  -1  |  -2  |  -3  |  -4  |  -5  |  -6  |  -7  @  -8  |  -7  |  -8  |                                              
+------+             +------+------+------+------+------+------@------+------+------+------+------+------+------+------+------+------+------@------+------+------+                                              
|  T   |             |-16384|-16384|-16385|-16385|-16386|-16386@  -5  |  -3  |  -1  |  -2  |  -2  |  -2  |  -3  |  -2  |  -3  |  -4  |  -5  @  -6  |  -7  |                                                     
+------+      +------+------+------+------+------+------+------@------+------+------+------+------+------+------+------+------+------+------@------+------+                                                     
|  A   |      |-16384|-16384|-16385|-16385|-16386|-16386|-16387@  -6  |  -4  |  -2  |  -2  |  -3  |  -3  |  -3  |  -3  |  -1  |  -2  |  -3  @  -4  |                                                            
+------+------+------+------+------+------+------+------+------@------+------+------+------+------+------+------+------+------+------+------@------+                                                            
|  C   |-16384|-16384|-16385|-16385|-16386|-16386|-16387|-16387@  -7  |  -5  |  -3  |  -1  |  -2  |  -2  |  -2  |  -3  |  -2  |  -2  |  -3  @                                                                   
+------+------+------+------+------+------+------+------+------@------+------+------+------+------+------+------+------+------+------+------@------+------+------+------+------+------+------+                  
|  A   |                                                |-16384@  -8  |  -6  |  -4  |  -2  |  -2  |  -3  |  -3  |  -3  |  -2  |  -3  |  -3  @  -4  |  -5  |  -6  |  -7  |  -8  |  -9  | -10  |                  
+------+                                         +------+------@------+------+------+------+------+------+------+------+------+------+------@------+------+------+------+------+------+------+                  
|  C   |                                         |-16384|-16384@  -9  |  -7  |  -5  |  -3  |  -3  |  -1  |  -2  |  -3  |  -3  |  -3  |  -4  @  -2  |  -3  |  -4  |  -5  |  -6  |  -7  |                         
+------+                                  +------+------+------@------+------+------+------+------+------+------+------+------+------+------@------+------+------+------+------+------+                         
|  C   |                                  |-16384|-16384|-16385@ -10  |  -8  |  -6  |  -4  |  -4  |  -2  |  0   |  -1  |  -2  |  -3  |  -4  @  -3  |  -3  |  -2  |  -3  |  -4  |                                
+------+                           +------+------+------+------@@@@@@@@@@@@@@@@@@@@@@@@@@@@@@@@@@@@@@@@@@@@@@@@@@@@@@@@@@@@@@@@@@@@@@@@@@@@@@------+------+------+------+------+                                
                                   |-16384|-16384|-16385|-16385| -11  |  -9  |  -7  |  -5  |  -5  |  -3  |  -1  |  -1  |  -2  |  -3  |  -4  |  -4  |  -4  |  -3  |  -3  |                                       
                            +------+------+------+------+------+------+------+------+------+------+------+------+------+------+------+------+------+------+------+------+                                       
                            |-16384|-16384|-16385|-16385|-16386| -12  | -10  |  -8  |  -6  |  -6  |  -4  |  -2  |  -2  |  -2  |  -3  |  -4  |  -5  |  -5  |  -4  |                                              
                     +------+------+------+------+------+------+------+------+------+------+------+------+------+------+------+------+------+------+------+------+                                              
                     |-16384|-16384|-16385|-16385|-16386|-16386| -13  | -11  |  -9  |  -7  |  -7  |  -5  |  -3  |  -3  |  -3  |  -3  |  -4  |  -5  |  -6  |                                                     
              +------+------+------+------+------+------+------+------+------+------+------+------+------+------+------+------+------+------+------+------+                                                     
              |-16384|-16384|-16385|-16385|-16386|-16386|-16387| -14  | -12  | -10  |  -8  |  -8  |  -6  |  -4  |  -4  |  -4  |  -4  |  -4  |  -5  |                                                            
       +------+------+------+------+------+------+------+------+------+------+------+------+------+------+------+------+------+------+------+------+                                                            
       |-16384|-16384|-16385|-16385|-16386|-16386|-16387|-16387| -15  | -13  | -11  |  -9  |  -9  |  -7  |  -5  |  -5  |  -5  |  -5  |  -5  |                                                                   
       +------+------+------+------+------+------+------+------+------+------+------+------+------+------+------+------+------+------+------+                                                                   
                                                                                                                                                                                                                
                                                                                                                                                                                                                
                                                                                                                                                                                                                
                                                                                                                                                                                                                
                                                                                                                                                                                                                
                                                                                                                                                                                                                
                                                                                                                                                                                                                
                                                                                                                                                                                                                
                                                                                                                                                                                                                
                                                                                                                                                                                                                
                                                                                                                                                                                                                
                                                                                                                                                                                                                
                                                                                                                                                                                                                
