                                                                                                                       +------+------+------+------+------+------+------+------+------+------+------+------+------+------+------+------+                                                                                                                                                
                                                                                                                       |  -   |  C   |  T   |  T   |  A   |  T   |  G   |  A   |  G   |  T   |  C   |  A   |  C   |  A   |  T   |  A   |                                                                                                                                                
+------+                                                                                                        +------@@@@@@@@@@@@@@@@@@@@@@@@@@@@@@@@@@@@@@@@@@@@@@@@@@@@@@@@@@@@@@@@@@@@@@@@@@@@@@@@@@@@@@@@@@@@@@@@@@@@@@@@@@@@@@@@@------+------+------+------+------+------+------+------+------+------+------+------+------+------+------+                                       
|  -   |                                                                                                        |  0   @  0   |  0   |  0   |  0   |  0   |  0   |  0   |  0   |  0   |  0   |  0   |  0   |  0   |  0   |  1   |  0   @  2   |  3   |  1   |  0   |  0   |  0   |  0   | -11  |  0   |  0   |21575 |  0   |11591 |  0   |  0   |                                       
+------+                                                                                                 +------+------@------+------+------+------+------+------+------+------+------+------+------+------+------+------+------+------@------+------+------+------+------+------+------+------+------+------+------+------+------+------+------+                                       
|  T   |                                                                                                 |  0   |  0   @  1   |  1   |  0   |  1   |  0   |  0   |  0   |  0   |  0   |  0   |  0   |  0   |  0   |  0   |  0   |  1   @  1   |  2   |  0   |  0   |  0   |  0   | -13  |-16384|  0   |18243 |  0   |18243 |  0   |  0   |                                              
+------+                                                                                          +------+------+------@------+------+------+------+------+------+------+------+------+------+------+------+------+------+------+------@------+------+------+------+------+------+------+------+------+------+------+------+------+------+                                              
|  G   |                                                                                          |  0   |  0   |  0   @  0   |  2   |  1   |  0   |  0   |  0   |  0   |  0   |  0   |  0   |  0   |  0   |  1   |  0   |  1   |  0   @  1   |  2   |  1   |  0   |  0   | -13  |-16384| 197  |17197 | 197  |17223 |  0   |  0   |                                                     
+------+                                                                                   +------+------+------+------@------+------+------+------+------+------+------+------+------+------+------+------+------+------+------+------@------+------+------+------+------+------+------+------+------+------+------+------+------+                                                     
|  A   |                                                                                   |  0   |  0   |  0   |  0   @  0   |  3   |  1   |  1   |  1   |  1   |  0   |  0   |  0   |  0   |  0   |  0   |  0   |  1   |  2   |  1   @  2   |  1   |  0   |  0   | -13  |-16384|21472 |17236 |21536 |17217 |  0   |  0   |                                                            
+------+                                                                            +------+------+------+------+------@------+------+------+------+------+------+------+------+------+------+------+------+------+------+------+------@------+------+------+------+------+------+------+------+------+------+------+------+                                                            
|  T   |                                                                            |  0   |  0   |  0   |  1   |  0   @  1   |  2   |  2   |  0   |  2   |  0   |  0   |  0   |  0   |  0   |  0   |  1   |  0   |  2   |  1   |  1   @  1   |  2   |  0   | -13  |-16384|  0   |21588 |  0   |16705 |  0   |  0   |                                                                   
+------+                                                                     +------+------+------+------+------+------@------+------+------+------+------+------+------+------+------+------+------+------+------+------+------+------@------+------+------+------+------+------+------+------+------+------+------+                                                                   
|  C   |                                                                     |  0   |  0   |  0   |  1   |  0   |  1   @  1   |  2   |  3   |  1   |  1   |  0   |  0   |  0   |  0   |  0   |  0   |  0   |  1   |  1   |  2   |  2   @  2   |  1   | -13  |-16384|  0   |21588 |  0   |18243 |  0   |  0   |                                                                          
+------+                                                              +------+------+------+------+------+------+------@------+------+------+------+------+------+------+------+------+------+------+------+------+------+------+------@------+------+------+------+------+------+------+------+------+------+                                                                          
|  T   |                                                              |  0   |  0   |  0   |  0   |  2   |  0   |  0   @  0   |  3   |  2   |  2   |  0   |  0   |  0   |  0   |  0   |  1   |  0   |  1   |  0   |  1   |  1   |  3   @  1   | -13  |-16384|  0   |11565 |  0   |16707 |  0   |  0   |                                                                                 
+------+                                                       +------+------+------+------+------+------+------+------@------+------+------+------+------+------+------+------+------+------+------+------+------+------+------+------@------+------+------+------+------+------+------+------+------+                                                                                 
|  G   |                                                       |  0   |  0   |  0   |  0   |  0   |  1   |  0   |  1   @  1   |  2   |  1   |  1   |  0   |  0   |  0   |  0   |  0   |  2   |  1   |  0   |  1   |  0   |  0   |  2   @ -15  |-16384|  20  |11565 |  20  |17197 |  0   |  0   |                                                                                        
+------+                                                +------+------+------+------+------+------+------+------+------@------+------+------+------+------+------+------+------+------+------+------+------+------+------+------+------@------+------+------+------+------+------+------+------+                                                                                        
|  C   |                                                |  0   |  0   |  0   |  0   |  0   |  0   |  0   |  0   |  0   @  0   |  0   |  0   |  0   |  1   |  0   |  0   |  1   |  0   |  1   |  2   |  0   |  0   |  0   |  0   |  0   @  -7  |  0   |  0   |  0   |  0   |  0   |  0   |                                                                                               
+------+                                         +------+------+------+------+------+------+------+------+------+------@------+------+------+------+------+------+------+------+------+------+------+------+------+------+------+------@------+------+------+------+------+------+------+                                                                                               
|  G   |                                         |  0   |  0   |  1   |  0   |  0   |  0   |  0   |  0   |  1   |  0   @  0   |  0   |  0   |  0   |  0   |  0   |  1   |  2   |  1   |  2   |  1   |  0   |  0   |  0   |  0   |  -6  @  0   |  0   |  0   |  0   |  0   |  0   |                                                                                                      
+------+                                  +------+------+------+------+------+------+------+------+------+------+------@------+------+------+------+------+------+------+------+------+------+------+------+------+------+------+------@------+------+------+------+------+------+                                                                                                      
|  A   |                                  |  0   |  0   |  0   |  0   |  0   |  1   |  0   |  0   |  0   |  0   |  0   @  0   |  0   |  0   |  0   |  0   |  0   |  2   |  1   |  2   |  3   |  2   |  0   |  0   |  0   |  -5  |  0   @  0   |  0   |  0   |  0   |  0   |                                                                                                             
+------+                           +------+------+------+------+------+------+------+------+------+------+------+------@------+------+------+------+------+------+------+------+------+------+------+------+------+------+------+------@------+------+------+------+------+                                                                                                             
|  G   |                           |  0   |  0   |  0   |  0   |  1   |  1   |  2   |  0   |  0   |  0   |  0   |  0   @  0   |  0   |  0   |  0   |  0   |  1   |  3   |  1   |  1   |  2   |  1   |  0   |  65  |  -4  |  33  |  33  @  33  |  33  | 1041 |  0   |                                                                                                                    
+------+                    +------+------+------+------+------+------+------+------+------+------+------+------+------@------+------+------+------+------+------+------+------+------+------+------+------+------+------+------+------@------+------+------+------+                                                                                                                    
|  A   |                    |  0   |  0   |  0   |  0   |  1   |  2   |  2   |  3   |  1   |  0   |  1   |  0   |  0   @  0   |  0   |  0   |  0   |  0   |  2   |  2   |  2   |  2   |  3   |  1   |  0   |  -3  |  0   |  0   |  0   @  0   |  0   |  0   |                                                                                                                           
+------+             +------+------+------+------+------+------+------+------+------+------+------+------+------+------@------+------+------+------+------+------+------+------+------+------+------+------+------+------+------+------@------+------+------+                                                                                                                           
|  A   |             |  0   |  0   |  0   |  0   |  0   |  0   |  1   |  1   |  4   |  2   |  1   |  0   |  0   |  0   @  0   |  0   |  0   |  1   |  0   |  1   |  1   |  1   |  1   |  2   |  0   |  -5  |  0   |  0   |  0   |  0   @  0   |  0   |                                                                                                                                  
+------+      +------+------+------+------+------+------+------+------+------+------+------+------+------+------+------@------+------+------+------+------+------+------+------+------+------+------+------+------+------+------+------@------+------+                                                                                                                                  
|  T   |      |  0   |  0   |  0   |  0   |  0   |  1   |  1   |  0   |  2   |  3   |  1   |  1   |  0   |  0   |  0   @  0   |  0   |  1   |  2   |  0   |  2   |  1   |  1   |  2   |  0   |  -7  |  0   |  0   |16707 |  0   |11565 @  0   |                                                                                                                                         
+------+------+------+------+------+------+------+------+------+------+------+------+------+------+------+------+------@------+------+------+------+------+------+------+------+------+------+------+------+------+------+------+------@------+                                                                                                                                         
|  T   |  0   |  0   |  0   |  0   |  0   |  1   |  0   |  2   |  1   |  2   |  2   |  1   |  0   |  0   |  0   |  0   @  0   |  1   |  1   |  1   |  0   |  1   |  0   |  2   |  0   |  -9  |  0   |  0   |21569 |  0   |21549 |  0   @                                                                                                                                                
+------+------+------+------+------+------+------+------+------+------+------+------+------+------+------+------+------@@@@@@@@@@@@@@@@@@@@@@@@@@@@@@@@@@@@@@@@@@@@@@@@@@@@@@@@@@@@@@@@@@@@@@@@@@@@@@@@@@@@@@@@@@@@@@@@@@@@@@@@@@@@@@@@@                                                                                                                                                
                                                                                                                                                                                                                                                                                                                                                                                        
                                                                                                                                                                                                                                                                                                                                                                                        
                                                                                                                                                                                                                                                                                                                                                                                        
                                                                                                                                                                                                                                                                                                                                                                                        
                                                                                                                                                                                                                                                                                                                                                                                        
                                                                                                                                                                                                                                                                                                                                                                                        
                                                                                                                                                                                                                                                                                                                                                                                        
                                                                                                                                                                                                                                                                                                                                                                                        
                                                                                                                                                                                                                                                                                                                                                                                        
                                                                                                                                                                                                                                                                                                                                                                                        
                                                                                                                                                                                                                                                                                                                                                                                        
                                                                                                                                                                                                                                                                                                                                                                                        
                                                                                                                                                                                                                                                                                                                                                                                        
