                                                                                                                       +------+------+------+------+------+------+------+------+------+------+------+------+------+------+------+------+                                                                                                                                                
                                                                                                                       |  -   |  A   |  A   |  T   |  T   |  C   |  A   |  A   |  A   |  T   |  T   |  C   |  A   |  A   |  C   |  T   |                                                                                                                                                
+------+                                                                                                        +------@@@@@@@@@@@@@@@@@@@@@@@@@@@@@@@@@@@@@@@@@@@@@@@@@@@@@@@@@@@@@@@@@@@@@@@@@@@@@@@@@@@@@@@@@@@@@@@@@@@@@@@@@@@@@@@@@------+------+------+------+------+------+------+------+------+------+------+------+------+------+------+                                       
|  -   |                                                                                                        |-16384@  0   |  0   |  0   |  0   |  0   |  0   |  0   |  0   |  0   |  0   |  0   |  0   |  0   |  0   |  0   |  0   @  0   |  0   |  0   |  0   |  0   |  0   |  0   |  0   |  0   |  0   |  0   |  0   |  0   |  0   |  0   |                                       
+------+                                                                                                 +------+------@------+------+------+------+------+------+------+------+------+------+------+------+------+------+------+------@------+------+------+------+------+------+------+------+------+------+------+------+------+------+------+                                       
|  C   |                                                                                                 |-16384|-16384@  0   |  0   |  0   |  0   |  0   |  1   |  0   |  0   |  0   |  0   |  0   |  1   |  0   |  0   |  1   |  0   @  0   |  0   |  0   |  0   |  0   |  0   |  0   |  0   |  0   |  0   |  0   |  0   |  0   |  0   |                                              
+------+                                                                                          +------+------+------@------+------+------+------+------+------+------+------+------+------+------+------+------+------+------+------@------+------+------+------+------+------+------+------+------+------+------+------+------+------+                                              
|  T   |                                                                                          |-16384|-16384|  0   @  0   |  0   |  0   |  1   |  1   |  0   |  0   |  0   |  0   |  1   |  1   |  0   |  0   |  0   |  0   |  2   @  1   |  0   |  0   |  0   |  0   |  0   |  0   |  0   |  0   |  0   |  0   |  0   |  0   |                                                     
+------+                                                                                   +------+------+------+------@------+------+------+------+------+------+------+------+------+------+------+------+------+------+------+------@------+------+------+------+------+------+------+------+------+------+------+------+------+                                                     
|  A   |                                                                                   |-16384|-16384|  0   |  0   @  0   |  1   |  1   |  0   |  0   |  0   |  1   |  1   |  1   |  0   |  0   |  0   |  1   |  1   |  0   |  1   @  1   |  0   |  0   |  0   |  0   |  0   |  0   |  0   |  0   |  0   |  0   |  0   |                                                            
+------+                                                                            +------+------+------+------+------@------+------+------+------+------+------+------+------+------+------+------+------+------+------+------+------@------+------+------+------+------+------+------+------+------+------+------+------+                                                            
|  A   |                                                                            |-16384|-16384|  0   |  0   |  0   @  0   |  1   |  2   |  1   |  0   |  0   |  1   |  2   |  2   |  1   |  0   |  0   |  1   |  2   |  1   |  0   @  0   |  0   |  0   |  0   |  0   |  0   |  0   |  0   |  0   |  0   |  0   |                                                                   
+------+                                                                     +------+------+------+------+------+------@------+------+------+------+------+------+------+------+------+------+------+------+------+------+------+------@------+------+------+------+------+------+------+------+------+------+------+                                                                   
|  C   |                                                                     |-16384|-16384|  0   |  0   |  0   |  0   @  0   |  0   |  1   |  1   |  0   |  1   |  0   |  1   |  1   |  1   |  0   |  1   |  0   |  1   |  3   |  2   @  1   |  0   |  0   |  0   |  0   |  0   |  0   |  0   |  0   |  0   |                                                                          
+------+                                                              +------+------+------+------+------+------+------@------+------+------+------+------+------+------+------+------+------+------+------+------+------+------+------@------+------+------+------+------+------+------+------+------+------+                                                                          
|  G   |                                                              |-16384|-16384|  0   |  0   |  0   |  0   |  0   @  0   |  0   |  0   |  0   |  0   |  0   |  0   |  0   |  0   |  0   |  0   |  0   |  0   |  0   |  2   |  2   @  1   |  0   |  0   |  0   |  0   |  0   |  0   |  0   |  0   |                                                                                 
+------+                                                       +------+------+------+------+------+------+------+------@------+------+------+------+------+------+------+------+------+------+------+------+------+------+------+------@------+------+------+------+------+------+------+------+------+                                                                                 
|  T   |                                                       |-16384|-16384|  0   |  0   |  0   |  0   |  0   |  0   @  0   |  0   |  0   |  1   |  1   |  0   |  0   |  0   |  0   |  1   |  1   |  0   |  0   |  0   |  1   |  3   @  2   |  1   |  0   |  0   |  0   |  0   |  0   |  0   |                                                                                        
+------+                                                +------+------+------+------+------+------+------+------+------@------+------+------+------+------+------+------+------+------+------+------+------+------+------+------+------@------+------+------+------+------+------+------+------+                                                                                        
|  T   |                                                |-16384|-16384|  0   |  0   |  0   |  0   |  0   |  0   |  0   @  0   |  0   |  0   |  1   |  2   |  1   |  0   |  0   |  0   |  1   |  2   |  1   |  0   |  0   |  0   |  2   @  2   |  1   |  0   |  0   |  0   |  0   |  0   |                                                                                               
+------+                                         +------+------+------+------+------+------+------+------+------+------@------+------+------+------+------+------+------+------+------+------+------+------+------+------+------+------@------+------+------+------+------+------+------+                                                                                               
|  A   |                                         |-16384|-16384|  0   |  0   |  0   |  0   |  0   |  0   |  0   |  0   @  0   |  1   |  1   |  0   |  1   |  1   |  2   |  1   |  1   |  0   |  1   |  1   |  2   |  1   |  0   |  1   @  1   |  1   |  0   |  0   |  0   |  0   |                                                                                                      
+------+                                  +------+------+------+------+------+------+------+------+------+------+------@------+------+------+------+------+------+------+------+------+------+------+------+------+------+------+------@------+------+------+------+------+------+                                                                                                      
|  T   |                                  |-16384|-16384|  0   |  0   |  0   |  0   |  0   |  0   |  0   |  0   |  0   @  0   |  0   |  0   |  2   |  1   |  0   |  1   |  1   |  0   |  2   |  1   |  0   |  1   |  1   |  0   |  1   @  0   |  0   |  0   |  0   |  0   |                                                                                                             
+------+                           +------+------+------+------+------+------+------+------+------+------+------+------@------+------+------+------+------+------+------+------+------+------+------+------+------+------+------+------@------+------+------+------+------+                                                                                                             
|  T   |                           |-16384|-16384|  0   |  0   |  0   |  0   |  0   |  0   |  0   |  0   |  0   |  0   @  0   |  0   |  0   |  1   |  3   |  2   |  1   |  0   |  0   |  1   |  3   |  2   |  1   |  0   |  0   |  1   @  0   |  0   |  0   |  0   |                                                                                                                    
+------+                    +------+------+------+------+------+------+------+------+------+------+------+------+------@------+------+------+------+------+------+------+------+------+------+------+------+------+------+------+------@------+------+------+------+                                                                                                                    
|  A   |                    |-16384|-16384|  0   |  0   |  0   |  0   |  0   |  0   |  0   |  0   |  0   |  0   |  0   @  0   |  1   |  1   |  0   |  2   |  2   |  3   |  2   |  1   |  0   |  2   |  2   |  3   |  2   |  1   |  0   @  0   |  0   |  0   |                                                                                                                           
+------+             +------+------+------+------+------+------+------+------+------+------+------+------+------+------@------+------+------+------+------+------+------+------+------+------+------+------+------+------+------+------@------+------+------+                                                                                                                           
|  G   |             |-16384|-16384|  0   |  0   |  0   |  0   |  0   |  0   |  0   |  0   |  0   |  0   |  0   |  0   @  0   |  0   |  0   |  0   |  1   |  1   |  2   |  2   |  1   |  0   |  1   |  1   |  2   |  2   |  1   |  0   @  0   |  0   |                                                                                                                                  
+------+      +------+------+------+------+------+------+------+------+------+------+------+------+------+------+------@------+------+------+------+------+------+------+------+------+------+------+------+------+------+------+------@------+------+                                                                                                                                  
|  T   |      |-16384|-16384|  0   |  0   |  0   |  0   |  0   |  0   |  0   |  0   |  0   |  0   |  0   |  0   |  0   @  0   |  0   |  0   |  1   |  1   |  0   |  1   |  1   |  1   |  2   |  1   |  0   |  1   |  1   |  1   |  2   @  1   |                                                                                                                                         
+------+------+------+------+------+------+------+------+------+------+------+------+------+------+------+------+------@------+------+------+------+------+------+------+------+------+------+------+------+------+------+------+------@------+                                                                                                                                         
|  G   |-16384|-16384|  0   |  0   |  0   |  0   |  0   |  0   |  0   |  0   |  0   |  0   |  0   |  0   |  0   |  0   @  0   |  0   |  0   |  0   |  0   |  0   |  0   |  0   |  0   |  1   |  1   |  0   |  0   |  0   |  0   |  1   @                                                                                                                                                
+------+------+------+------+------+------+------+------+------+------+------+------+------+------+------+------+------@@@@@@@@@@@@@@@@@@@@@@@@@@@@@@@@@@@@@@@@@@@@@@@@@@@@@@@@@@@@@@@@@@@@@@@@@@@@@@@@@@@@@@@@@@@@@@@@@@@@@@@@@@@@@@@@@                                                                                                                                                
                                                                                                                                                                                                                                                                                                                                                                                        
                                                                                                                                                                                                                                                                                                                                                                                        
                                                                                                                                                                                                                                                                                                                                                                                        
                                                                                                                                                                                                                                                                                                                                                                                        
                                                                                                                                                                                                                                                                                                                                                                                        
                                                                                                                                                                                                                                                                                                                                                                                        
                                                                                                                                                                                                                                                                                                                                                                                        
                                                                                                                                                                                                                                                                                                                                                                                        
                                                                                                                                                                                                                                                                                                                                                                                        
                                                                                                                                                                                                                                                                                                                                                                                        
                                                                                                                                                                                                                                                                                                                                                                                        
                                                                                                                                                                                                                                                                                                                                                                                        
                                                                                                                                                                                                                                                                                                                                                                                        
